run 10000 ns
Matrix:
         0          1          2
         3          4          5
         6          7          8
Matrix:
         0          1          2
         3          4          5
         6          7          8
A' =
         0          3          6
         1          4          7
         2          5          8
A+B =
         0          2          4
         6          8         10
        12         14         16
A-B =
         0          0          0
         0          0          0
         0          0          0
A*B =
        15         18         21
        42         54         66
        69         90        111
2*A =
         0          2          4
         6          8         10
        12         14         16
det(A) =
         0
Matrix:
         0          2          2
         3          4          8
         6         17         18
Matrix:
        10         11         12
         3          4          5
         6          7          0
A' =
         0          3          6
         2          4         17
         2          8         18
A+B =
        10         13         14
         6          8         13
        12         24         18
A-B =
        -10          -9         -10
          0           0           3
          0          10          18
A*B =
         18         22         10
        90        105         56
       219        260        157
5*A =
         0         10         10
        15         20         40
        30         85         90
det(A) =
         42 
